34136596
41608933
55348346
100270137
107635394
110280172
126335534
134860602
136721818
140936653
141672300
144319662
146416030
146433522
146955104
151599521
152959769
153085853
153233587
157078773
157462939
159357474
160441499
160843274
160891011
163679133
164637304
166456163
168350397
168396243
168492101
168603822
169420733
169624988
171054310
172396935
174963282
177003313
177279339
178431469
179720733
179759134
179885261
180381240
181053251
181150932
181980390
182213514
183176638
185459851
187197810
187212958
189091936
193437040
194195010
194768021
195138274
196160681
196851402
197073199
197424736
198221002
199538544
200439250
200456086
200558021
201270985
203755865
204967667
206607117
208122969
208546162
208739223
208892318
209518063
209648950
209910574
210482737
211941140
212375381
212669320
212845156
214035039
214374888
216039175
216259845
216497063
218490073
218618822
220163179
220303363
221990569
223058744
224173273
224331764
224485667
225133650
226028016
226214074
226477323
227640242
227876982
227973816
229414577
230349754
232069458
233613662
234222198
235097949
236664801
237501168
238061874
239619516
239652957
245748678
246008988
247357141
248242088
248363350
248667120
249938500
250890542
253396745
255331406
255415832
255685683
256950135
257848416
257966398
258892737
259015980
261486703
262869161
263146592
264236207
268287282
270116823
270209648
271665663
271676016
272937967
273591948
277267626
277337640
278843417
278893856
278930745
279286178
280434830
280512329
282322336
284036238
284363856
284512651
284653124
285598852
286432393
288224054
288931818
292069860
292909366
293818637
298007235
300511186
300737564
301722143
301733885
302493916
303301338
303394833
303940086
304463636
305162891
305575323
305596196
307046453
308885442
309162381
309522522
309786123
310769299
311641123
312002713
312014307
312591998
316829998
321277719
322849945
325603437
325757598
326912937
328392555
332682080
334629887
334706826
336425232
336805495
339307551
341044863
344468586
345915612
346184575
349322770
349698593
350310431
351469288
351500784
353910662
356459720
356698787
356843079
357038515
357416838
357973213
364108817
365166550
368255901
371000492
372514348
380167925
381589052
383812426
384391914
384775737
384845138
385885106
386233965
386327957
387506314
389732861
390604087
392566650
395329314
401608057
402970340
403695666
406204776
408561902
409477675
410392371
411042145
411446324
413283746
413467835
413584143
414565305
416557459
418086857
419682403
429008524
429622218
430346543
431281902
436065554
439550620
439859628
439859765
439869629
441214844
442878948
443043766
445263048
447828409
450038908
455732868
458062047
458837463
461623760
463404112
463739123
465005163
465120105
465346347
465405651
466299487
469226736
469253980
471104409
473111753
474833143
478031218
479201523
479831026
482114527
482544012
482873621
484191127
484353343
484821165
486342276
487364485
487488755
487670445
490241334
491092555
492877427
493777147
497004952
498947831
502859375
503584268
503928773
505563389
506476494
506686928
507283884
508083387
510622874
513654645
514908059
516425592
519251159
520333513
522259271
522480172
523426134
528189136
528365006
528491856
528793562
530219259
530808921
531320575
531467507
531750732
531858095
532051031
532821749
533332765
534884832
535074494
536449184
536577274
537512143
537805918
540013546
540285690
540760269
541633815
542780882
543123089
543320185
544398751
544544353
545832586
547598868
548372423
552270314
554114868
555390558
563213447
564591924